input: 1
input: 3
input: 0

python{
    output: [0.0, 1.0, 3.0]
}

c{
    output: 0.000000
    output: 1.000000
    output: 3.000000
}